1.556464893815337480e-01
1.409238804771612008e-01
1.523328465593463132e-01
1.587663374925001869e-01
1.471106847921820338e-01
1.587003965523260396e-01
1.698715096309929284e-01
1.451196485664849600e-01
1.619764335656140586e-01
1.650562770772938115e-01
1.562130962595229822e-01
1.383467512414797984e-01
1.375855535651943906e-01
1.601301303091857975e-01
1.380041786873191512e-01
1.462241418267075377e-01
1.578997859250609037e-01
1.517158403946565759e-01
1.521697151659505143e-01
1.630683655386356012e-01
1.531895569502472187e-01
1.211276483205637744e-01
1.308748949807775896e-01
1.374725814417289416e-01
1.291775446029090613e-01
1.451024714619365830e-01
1.508584441268781551e-01
1.466962201408567312e-01
1.475248646167250377e-01
1.537855324947258184e-01
1.505246535386784434e-01
1.315060147556441628e-01
1.306992466712741940e-01
1.357354347979668197e-01
1.325405598373741722e-01
1.405698611069624293e-01
1.608149347266665252e-01
1.406994238124935070e-01
1.399314328765730864e-01
1.551474072140101301e-01
1.449529397366600414e-01
1.273331536118998408e-01
1.301267168041032873e-01
1.268620037615017793e-01
1.253642638814254640e-01
1.369670922980826266e-01
1.532930521057943030e-01
1.364639581470684648e-01
1.399238031677595417e-01
1.561510184734918039e-01
1.514384722789020865e-01
1.336520658316826815e-01
1.275428914492102439e-01
1.311966588892782559e-01
1.315353569750990215e-01
1.316213378345114926e-01
1.463258599846365693e-01
1.336292835610063123e-01
1.369877573346713617e-01
1.479038059453133269e-01
1.374824909312350740e-01
1.217769306456984169e-01
1.206398245140040265e-01
1.158568873619317680e-01
1.264927895646234257e-01
1.283789276013490022e-01
1.455700627698999494e-01
1.276871767959175674e-01
1.319080584273440993e-01
1.464059460564832993e-01
1.411995123795756479e-01
1.224579919018582569e-01
1.234694495927377705e-01
1.105169523205123405e-01
1.120284720801786316e-01
1.238928478254820720e-01
1.359987573806201444e-01
1.257714610007320821e-01
1.355351915077529501e-01
1.528261543895269303e-01
1.453585048388259249e-01
1.364540859635790804e-01
1.174562498662152232e-01
1.134186706908774794e-01
1.248769634276185314e-01
1.358732976255880853e-01
1.387453511817959839e-01
1.277656860911919601e-01
1.286726934633170005e-01
1.318032003259189677e-01
1.320746730974281524e-01
1.227096962953559828e-01
1.173412592139061600e-01
1.043632304742287964e-01
1.130238388209621192e-01
1.261392222714672606e-01
1.307527418537344777e-01
1.205848397589305704e-01
1.220068437505564263e-01
1.126125671126198824e-01
1.326734956296566903e-01
1.214672995222316060e-01
1.189589138077150610e-01
1.049057061905050853e-01
1.185045830353725210e-01
1.276183612361305175e-01
1.330225264145655784e-01
1.181362509155146900e-01
1.218692479636416109e-01
1.243984770841659454e-01
1.264772375837153462e-01
1.295776620356790809e-01
1.259337818427070377e-01
1.159122947391057895e-01
1.228105094904361483e-01
1.261421582274971087e-01
1.276990467082764480e-01
1.209539865023621791e-01
1.251253258794018108e-01
1.175796661120750569e-01
1.203020649547084930e-01
1.238390263906561650e-01
1.255869193969740005e-01
1.197306355238849651e-01
1.230097602592286066e-01
1.209684502529933398e-01
1.106751333083758060e-01
1.088614383277930614e-01
1.176937135590674227e-01
1.243001407396308045e-01
1.255653043890785914e-01
1.292733776483137309e-01
1.303299621115300289e-01
1.229043125990254282e-01
1.232102422802519720e-01
1.263050480902458417e-01
1.107834146688281146e-01
1.111423608780538891e-01
1.195893722640433976e-01
1.188813333079766360e-01
1.155985280896531936e-01
1.309444876098343202e-01
1.285873286689836470e-01
1.322782361159545172e-01
1.156588074088385903e-01
1.240643062176620404e-01
1.104545228412885105e-01
1.118796312893619305e-01
1.186155056760543058e-01
1.226231073429542712e-01
1.214765157164569703e-01
1.275463799602777615e-01
1.230544923851767114e-01
1.218472379179286191e-01
1.165842921182721204e-01
1.151862882069486921e-01
1.012287101337781964e-01
1.093582632133954791e-01
1.117693152160478681e-01
1.190257689572097460e-01
1.056432550720892705e-01
1.131661482434402899e-01
1.148123120337103259e-01
1.210691533946576803e-01
1.078000015860651473e-01
1.087917522471118364e-01
9.803338543500218771e-02
9.664724796561924292e-02
1.055457156131861529e-01
1.192405850624434493e-01
1.177408968522417332e-01
1.271128077301738879e-01
1.273865457709090765e-01
1.285839086487405303e-01
1.108653534798678258e-01
1.113979942360609765e-01
1.069087463131890708e-01
1.137772754453433982e-01
1.261493533032911618e-01
1.361346593899885327e-01
1.248272546077688894e-01
1.361488725510066888e-01
1.360078560571234552e-01
1.231207631268293468e-01
1.113012700500335544e-01
1.090419818139324870e-01
9.698488840463924399e-02
1.070384718604379115e-01
1.262601119269201599e-01
1.353971957166400231e-01
1.292692931886701979e-01
1.311328535716320409e-01
1.286372632767335544e-01
1.309014842139719637e-01
1.112332070497276393e-01
1.132094515039533678e-01
9.732519103658560100e-02
1.154657590785881510e-01
1.244278526343061131e-01
1.277751078304886212e-01
1.265552946371687193e-01
1.245879438637454428e-01
1.166310334109486868e-01
1.227321727546128310e-01
9.884629044419747379e-02
1.014021466583404363e-01
9.157849770317201543e-02
1.096298372473218929e-01
1.189236681297668047e-01
1.206684138790214134e-01
1.288739989330422997e-01
1.341253724959107496e-01
1.241141276491038309e-01
1.194693982625191497e-01
1.116896973224701523e-01
1.071824541858024116e-01
9.513156517147815239e-02
1.200755649130026692e-01
1.118148580344399817e-01
1.276132467121517677e-01
1.280380497688844987e-01
1.134016728355319859e-01
1.202675542116367208e-01
1.124490072817718039e-01
1.074820490873925755e-01
1.002074657094591675e-01
9.187700846703182600e-02
1.148168565723544088e-01
1.119516128047251674e-01
1.094015732362421806e-01
1.158472467125236383e-01
1.108932926784112066e-01
1.039786658607370767e-01
1.012831473859374387e-01
1.060134024889161225e-01
1.029716222245492113e-01
9.493536583084921654e-02
1.207943170637110764e-01
1.156271466044722362e-01
1.121659103030768628e-01
1.223226118809906393e-01
1.083453989186141664e-01
1.126880559755438632e-01
1.060784933399542412e-01
1.149460980644621544e-01
1.145681285733539945e-01
1.027219853198033245e-01
1.210977904631218155e-01
1.253835620588075184e-01
1.239651309835772125e-01
1.298789059255695544e-01
1.218628942285525096e-01
1.165050019769317546e-01
1.217326170139282904e-01
1.297858962046669062e-01
1.207146963559280334e-01
1.090291770476463362e-01
1.295216737070867541e-01
1.238078375504746420e-01
1.201127221309954002e-01
1.180913766120773728e-01
1.094077889514505353e-01
1.078543608378255275e-01
1.119576889493154870e-01
1.244329050375804768e-01
1.196371132064747295e-01
1.096476578624711179e-01
1.305968285847228239e-01
1.212328132424844995e-01
1.114740242896341688e-01
1.195014235546836695e-01
1.069115007284585361e-01
1.140432314341884024e-01
1.211063194488290473e-01
1.417169050485632409e-01
1.308262478025584707e-01
1.199469914770193435e-01
1.364675264797570453e-01
1.231086104397364073e-01
1.092507231786763178e-01
1.217232001673609898e-01
1.133299262993976847e-01
1.194273757459183849e-01
1.235537214918797505e-01
1.426844927029382870e-01
1.282928848186347393e-01
1.242741533131520165e-01
1.308835645061214026e-01
1.185905736103424479e-01
1.060278557828188001e-01
1.191790358009486434e-01
1.134268781445669089e-01
1.165688866638712462e-01
1.315030534715974642e-01
1.359185232947653643e-01
1.419142112930400768e-01
1.234086940253905085e-01
1.258979622961306499e-01
1.175519982649948642e-01
9.833122743292545265e-02
